100
UDP 13 20 10001 500000000 0.5
UDP 24 20 10002 500000000 1.0
UDP 28 21 10003 500000000 1.5
UDP 20 27 10004 500000000 2.0
UDP 22 18 10005 500000000 2.5
UDP 23 27 10006 500000000 3.0
UDP 28 21 10007 500000000 3.5
UDP 21 20 10008 500000000 4.0
UDP 13 14 10009 500000000 4.5
UDP 16 13 10010 500000000 5.0
UDP 14 19 10011 500000000 5.5
UDP 18 27 10012 500000000 6.0
UDP 15 25 10013 500000000 6.5
UDP 19 25 10014 500000000 7.0
UDP 14 15 10015 500000000 7.5
UDP 28 25 10016 500000000 8.0
UDP 18 20 10017 500000000 8.5
UDP 20 27 10018 500000000 9.0
UDP 21 26 10019 500000000 9.5
UDP 15 13 10020 500000000 10.0
UDP 19 18 10021 500000000 10.5
UDP 19 20 10022 500000000 11.0
UDP 22 26 10023 500000000 11.5
UDP 23 27 10024 500000000 12.0
UDP 14 16 10025 500000000 12.5
UDP 28 19 10026 500000000 13.0
UDP 21 25 10027 500000000 13.5
UDP 26 25 10028 500000000 14.0
UDP 17 13 10029 500000000 14.5
UDP 28 20 10030 500000000 15.0
UDP 19 24 10031 500000000 15.5
UDP 26 16 10032 500000000 16.0
UDP 17 24 10033 500000000 16.5
UDP 22 15 10034 500000000 17.0
UDP 26 23 10035 500000000 17.5
UDP 28 23 10036 500000000 18.0
UDP 22 23 10037 500000000 18.5
UDP 16 24 10038 500000000 19.0
UDP 18 26 10039 500000000 19.5
UDP 24 25 10040 500000000 20.0
UDP 24 14 10041 500000000 20.5
UDP 23 28 10042 500000000 21.0
UDP 26 16 10043 500000000 21.5
UDP 28 18 10044 500000000 22.0
UDP 27 23 10045 500000000 22.5
UDP 25 21 10046 500000000 23.0
UDP 17 15 10047 500000000 23.5
UDP 20 25 10048 500000000 24.0
UDP 15 19 10049 500000000 24.5
UDP 18 21 10050 500000000 25.0
UDP 27 18 10051 500000000 25.5
UDP 18 28 10052 500000000 26.0
UDP 18 13 10053 500000000 26.5
UDP 23 21 10054 500000000 27.0
UDP 23 21 10055 500000000 27.5
UDP 16 18 10056 500000000 28.0
UDP 28 16 10057 500000000 28.5
UDP 17 16 10058 500000000 29.0
UDP 18 26 10059 500000000 29.5
UDP 16 13 10060 500000000 30.0
UDP 25 26 10061 500000000 30.5
UDP 24 28 10062 500000000 31.0
UDP 14 19 10063 500000000 31.5
UDP 17 19 10064 500000000 32.0
UDP 18 24 10065 500000000 32.5
UDP 15 24 10066 500000000 33.0
UDP 23 21 10067 500000000 33.5
UDP 28 18 10068 500000000 34.0
UDP 22 28 10069 500000000 34.5
UDP 26 25 10070 500000000 35.0
UDP 25 22 10071 500000000 35.5
UDP 15 28 10072 500000000 36.0
UDP 15 27 10073 500000000 36.5
UDP 16 26 10074 500000000 37.0
UDP 15 25 10075 500000000 37.5
UDP 15 26 10076 500000000 38.0
UDP 24 22 10077 500000000 38.5
UDP 25 28 10078 500000000 39.0
UDP 16 17 10079 500000000 39.5
UDP 24 21 10080 500000000 40.0
UDP 19 21 10081 500000000 40.5
UDP 28 21 10082 500000000 41.0
UDP 22 19 10083 500000000 41.5
UDP 23 19 10084 500000000 42.0
UDP 27 18 10085 500000000 42.5
UDP 26 13 10086 500000000 43.0
UDP 28 23 10087 500000000 43.5
UDP 19 15 10088 500000000 44.0
UDP 18 13 10089 500000000 44.5
UDP 19 26 10090 500000000 45.0
UDP 18 27 10091 500000000 45.5
UDP 21 27 10092 500000000 46.0
UDP 14 17 10093 500000000 46.5
UDP 13 20 10094 500000000 47.0
UDP 18 15 10095 500000000 47.5
UDP 27 28 10096 500000000 48.0
UDP 21 22 10097 500000000 48.5
UDP 15 14 10098 500000000 49.0
UDP 26 13 10099 500000000 49.5
UDP 21 16 10100 500000000 50.0

# flow_num
# protocol src dst port maxPacketCount startTime
